# Informe de EDA - dataset_alquiler.csv

## 1. Resumen general
- Filas: 17379
- Columnas: 17

## 2. Primeras filas
```
indice,fecha,temporada,anio,mes,hora,feriado,dia_semana,dia_trabajo,clima,temperatura,sensacion_termica,humedad,velocidad_viento,u_casuales,u_registrados,total_alquileres
1,2011-01-01,1,0,1,0.0,0,6.0,0,1,0.24,0.2879,0.81,0.0,3,13,16.0
2,2011-01-01,1,0,1,1.0,0,6.0,0,1,0.22,0.2727,0.8,0.0,8,32,40.0
3,2011-01-01,1,0,1,2.0,0,6.0,0,1,0.22,0.2727,0.8,0.0,5,27,32.0
4,2011-01-01,1,0,1,3.0,0,6.0,0,1,0.24,0.2879,0.75,0.0,3,10,13.0
5,2011-01-01,1,0,1,4.0,0,,0,1,0.24,0.2879,0.75,0.0,0,1,1.0
6,2011-01-01,1,0,1,5.0,0,,0,2,0.24,0.2576,0.75,0.0896,0,1,1.0
7,2011-01-01,1,0,1,6.0,0,,0,1,0.22,0.2727,0.8,0.0,2,0,2.0
8,2011-01-01,1,0,1,7.0,0,,0,1,0.2,0.2576,0.86,0.0,1,2,3.0
9,2011-01-01,1,0,1,8.0,0,,0,1,0.24,0.2879,0.75,0.0,1,7,8.0
10,2011-01-01,1,0,1,9.0,0,6.0,0,1,0.32,0.3485,0.76,0.0,8,6,14.0

```

## 3. Tipos de datos
- `indice`: int64
- `fecha`: object
- `temporada`: int64
- `anio`: int64
- `mes`: int64
- `hora`: float64
- `feriado`: int64
- `dia_semana`: float64
- `dia_trabajo`: int64
- `clima`: int64
- `temperatura`: float64
- `sensacion_termica`: float64
- `humedad`: float64
- `velocidad_viento`: float64
- `u_casuales`: int64
- `u_registrados`: int64
- `total_alquileres`: float64

## 4. Valores faltantes
- `hora`: 10 (0.06%)
- `dia_semana`: 10 (0.06%)
- `total_alquileres`: 10 (0.06%)

## 5. Estadísticas descriptivas (numéricas)
                     count         mean          std   min        25%        50%         75%      max
indice             17379.0  8690.000000  5017.029500  1.00  4345.5000  8690.0000  13034.5000  17379.0
temporada          17379.0     2.501640     1.106918  1.00     2.0000     3.0000      3.0000      4.0
anio               17379.0     0.502561     0.500008  0.00     0.0000     1.0000      1.0000      1.0
mes                17379.0     6.537775     3.438776  1.00     4.0000     7.0000     10.0000     12.0
hora               17369.0    11.546779     6.915469  0.00     6.0000    12.0000     18.0000     23.0
feriado            17379.0     0.028770     0.167165  0.00     0.0000     0.0000      0.0000      1.0
dia_semana         17369.0     3.002533     2.005633  0.00     1.0000     3.0000      5.0000      6.0
dia_trabajo        17379.0     0.682721     0.465431  0.00     0.0000     1.0000      1.0000      1.0
clima              17379.0     1.425283     0.639357  1.00     1.0000     1.0000      2.0000      4.0
temperatura        17379.0     0.496987     0.192556  0.02     0.3400     0.5000      0.6600      1.0
sensacion_termica  17379.0    34.169650   133.462049  0.00     0.3485     0.5000      0.6364    803.0
humedad            17379.0     0.627229     0.192930  0.00     0.4800     0.6300      0.7800      1.0
velocidad_viento   17379.0    18.761185    57.544937  0.00     0.1045     0.2239      0.2985    806.0
u_casuales         17379.0    35.676218    49.305030  0.00     4.0000    17.0000     48.0000    367.0
u_registrados      17379.0   153.786869   151.357286  0.00    34.0000   115.0000    220.0000    886.0
total_alquileres   17369.0   189.547527   181.401604  1.00    40.0000   142.0000    281.0000    977.0

## 6. Estadísticas para variables categóricas
### `fecha`
- '2012-12-31': 24 (0.14%)
- '2011-01-01': 24 (0.14%)
- '2012-12-30': 24 (0.14%)
- '2012-12-29': 24 (0.14%)
- '2012-12-28': 24 (0.14%)
- '2012-12-27': 24 (0.14%)
- '2012-12-10': 24 (0.14%)
- '2012-12-09': 24 (0.14%)
- '2012-12-08': 24 (0.14%)
- '2012-12-07': 24 (0.14%)


## 7. Correlaciones (Pearson) entre numéricas
                     indice  temporada      anio       mes      hora   feriado  dia_semana  dia_trabajo     clima  temperatura  sensacion_termica   humedad  velocidad_viento  u_casuales  u_registrados  total_alquileres
indice             1.000000   0.404046  0.866014  0.489164 -0.004775  0.014723    0.002348    -0.003416 -0.014198     0.136178          -0.011885  0.009577          0.005497    0.158295       0.282046          0.277960
temporada          0.404046   1.000000 -0.010742  0.830386 -0.006126 -0.009585   -0.001559     0.013743 -0.014524     0.312025           0.017825  0.150625          0.000961    0.120206       0.174226          0.177827
anio               0.866014  -0.010742  1.000000 -0.010473 -0.003873  0.006692   -0.003911    -0.002196 -0.019157     0.040913          -0.018772 -0.083546          0.010538    0.142779       0.253684          0.250152
mes                0.489164   0.830386 -0.010473  1.000000 -0.005783  0.018430    0.011335    -0.003477  0.005400     0.201691           0.009597  0.164411         -0.008392    0.068457       0.122273          0.120314
hora              -0.004775  -0.006126 -0.003873 -0.005783  1.000000  0.000479   -0.003265     0.002288 -0.019885     0.137670           0.044559 -0.276237          0.015559    0.301263       0.374153          0.394161
feriado            0.014723  -0.009585  0.006692  0.018430  0.000479  1.000000   -0.102026    -0.252471 -0.017036    -0.027340           0.036346 -0.010588         -0.012642    0.031564      -0.047345         -0.031014
dia_semana         0.002348  -0.001559 -0.003911  0.011335 -0.003265 -0.102026    1.000000     0.036515  0.003559    -0.001004          -0.024876 -0.037403          0.014757    0.033123       0.022060          0.027187
dia_trabajo       -0.003416   0.013743 -0.002196 -0.003477  0.002288 -0.252471    0.036515     1.000000  0.044672     0.055390          -0.006713  0.015688          0.003459   -0.300942       0.134326          0.030461
clima             -0.014198  -0.014524 -0.019157  0.005400 -0.019885 -0.017036    0.003559     0.044672  1.000000    -0.102640          -0.031398  0.418130          0.003321   -0.152628      -0.120966         -0.142758
temperatura        0.136178   0.312025  0.040913  0.201691  0.137670 -0.027340   -0.001004     0.055390 -0.102640     1.000000           0.133231 -0.069881          0.021146    0.459616       0.335361          0.404775
sensacion_termica -0.011885   0.017825 -0.018772  0.009597  0.044559  0.036346   -0.024876    -0.006713 -0.031398     0.133231           1.000000 -0.042297         -0.014696    0.069518       0.044725          0.056290
humedad            0.009577   0.150625 -0.083546  0.164411 -0.276237 -0.010588   -0.037403     0.015688  0.418130    -0.069881          -0.042297  1.000000         -0.003151   -0.347028      -0.273933         -0.322839
velocidad_viento   0.005497   0.000961  0.010538 -0.008392  0.015559 -0.012642    0.014757     0.003459  0.003321     0.021146          -0.014696 -0.003151          1.000000    0.011607       0.019187          0.019084
u_casuales         0.158295   0.120206  0.142779  0.068457  0.301263  0.031564    0.033123    -0.300942 -0.152628     0.459616           0.069518 -0.347028          0.011607    1.000000       0.506618          0.694508
u_registrados      0.282046   0.174226  0.253684  0.122273  0.374153 -0.047345    0.022060     0.134326 -0.120966     0.335361           0.044725 -0.273933          0.019187    0.506618       1.000000          0.972140
total_alquileres   0.277960   0.177827  0.250152  0.120314  0.394161 -0.031014    0.027187     0.030461 -0.142758     0.404775           0.056290 -0.322839          0.019084    0.694508       0.972140          1.000000

### Pares con mayor correlación absoluta
- `u_registrados` & `total_alquileres`: 0.972
- `indice` & `anio`: 0.866
- `temporada` & `mes`: 0.830
- `total_alquileres` & `u_casuales`: 0.695
- `u_casuales` & `u_registrados`: 0.507
- `mes` & `indice`: 0.489
- `u_casuales` & `temperatura`: 0.460
- `clima` & `humedad`: 0.418
- `temperatura` & `total_alquileres`: 0.405
- `indice` & `temporada`: 0.404

## 8. Duplicados y calidad
- Filas duplicadas exactas: 0 (0.00%)

## 9. Análisis de la columna `fecha`
- Fechas convertidas con 0 valores no convertibles.
- Rango: 2011-01-01 00:00:00 — 2012-12-31 00:00:00

## 10. Recomendaciones rápidas
- Revisar columnas con muchos NA y decidir imputación o eliminación.
- Transformar variables de tiempo (`fecha`, `hora`, `mes`, `dia_semana`) a características útiles.
- Revisar `total_alquileres` vs `u_casuales` + `u_registrados` para consistencia.
- Escalar variables numéricas si se usan modelos sensibles a escala.
- Evaluar correlaciones altas antes de usar modelos lineales, o aplicar selección de variables.